%YAML:1.0
---
camera_matrix: !!opencv-matrix
   rows: 3
   cols: 3
   dt: d
   data: [ 1718.1727627032205, 0., 610.98678247831629, 0.,
       1763.4360292371384, 26.104847617751975, 0., 0., 1. ]
dist_coeffs: !!opencv-matrix
   rows: 1
   cols: 5
   dt: d
   data: [ 0.22249215917070519, 0.54930525104515382,
       -0.10160601139770634, -0.0088025779882186985, -1.3063581602908867 ]
